1370402548910,54c3f6cbbcd1ded0439ccabc3a9b815d,10,2,false,0,false,2260.0,0.0.3
1370402548910,9b1de2b6a24c47745fb57d9b27e177ec,20,2,false,0,false,2260.0,0.0.3
1370402548910,44a7cb249356bfdc3bb72d16f4801f46,50,2,false,0,false,2260.0,0.0.3
1370402548910,1ea200c817c2e40356d383fa4c2c5e62,100,4,false,0,false,2260.0,0.0.3
1370402548910,da559d35cfb2d7fca3f3428b75ff6639,500,1,true,6,false,2260.0,0.0.3
1370402548910,88dd10b1556f00c031b5d111e74d1f72,1000,1,true,3,false,2260.0,0.0.3
1370403148871,54c3f6cbbcd1ded0439ccabc3a9b815d,10,4,false,0,false,2320.0,0.0.3
1370403148871,9b1de2b6a24c47745fb57d9b27e177ec,20,4,false,0,false,2320.0,0.0.3
1370403148871,44a7cb249356bfdc3bb72d16f4801f46,50,2,false,0,false,2320.0,0.0.3
1370403148871,1ea200c817c2e40356d383fa4c2c5e62,100,4,false,0,false,2320.0,0.0.3
1370403148871,da559d35cfb2d7fca3f3428b75ff6639,500,1,true,6,false,2320.0,0.0.3
1370403148871,88dd10b1556f00c031b5d111e74d1f72,1000,1,true,3,false,2320.0,0.0.3
1370403749026,54c3f6cbbcd1ded0439ccabc3a9b815d,10,4,false,0,false,2361.0,0.0.3
1370403749026,44a7cb249356bfdc3bb72d16f4801f46,50,2,false,0,false,2361.0,0.0.3
1370403749026,9b1de2b6a24c47745fb57d9b27e177ec,20,6,false,0,false,2361.0,0.0.3
1370403749026,1ea200c817c2e40356d383fa4c2c5e62,100,4,false,0,false,2361.0,0.0.3
1370403749026,da559d35cfb2d7fca3f3428b75ff6639,500,1,true,6,false,2361.0,0.0.3
1370403749026,88dd10b1556f00c031b5d111e74d1f72,1000,1,true,3,false,2361.0,0.0.3
1370404348999,54c3f6cbbcd1ded0439ccabc3a9b815d,10,4,false,0,false,2431.0,0.0.3
1370404348999,44a7cb249356bfdc3bb72d16f4801f46,50,3,false,0,false,2431.0,0.0.3
1370404348999,9b1de2b6a24c47745fb57d9b27e177ec,20,7,false,0,false,2431.0,0.0.3
1370404348999,da559d35cfb2d7fca3f3428b75ff6639,500,1,true,6,false,2431.0,0.0.3
1370404348999,1ea200c817c2e40356d383fa4c2c5e62,100,4,false,0,false,2431.0,0.0.3
1370404348999,88dd10b1556f00c031b5d111e74d1f72,1000,1,true,3,false,2431.0,0.0.3
1370406150292,54c3f6cbbcd1ded0439ccabc3a9b815d,10,4,false,0,false,3481.0,0.0.3
1370406150292,9b1de2b6a24c47745fb57d9b27e177ec,20,7,false,0,false,3481.0,0.0.3
1370406150292,44a7cb249356bfdc3bb72d16f4801f46,50,4,false,0,false,3481.0,0.0.3
1370406150292,1ea200c817c2e40356d383fa4c2c5e62,100,4,false,0,false,3481.0,0.0.3
1370406150292,da559d35cfb2d7fca3f3428b75ff6639,500,1,true,6,false,3481.0,0.0.3
1370406150292,88dd10b1556f00c031b5d111e74d1f72,1000,2,true,3,false,3481.0,0.0.3
1370407950888,54c3f6cbbcd1ded0439ccabc3a9b815d,10,4,false,0,false,3671.0,0.0.3
1370407950888,9b1de2b6a24c47745fb57d9b27e177ec,20,7,false,0,false,3671.0,0.0.3
1370407950888,44a7cb249356bfdc3bb72d16f4801f46,50,4,false,0,false,3671.0,0.0.3
1370407950888,1ea200c817c2e40356d383fa4c2c5e62,100,4,false,0,false,3671.0,0.0.3
1370407950888,da559d35cfb2d7fca3f3428b75ff6639,500,1,true,6,false,3671.0,0.0.3
1370407950888,88dd10b1556f00c031b5d111e74d1f72,1000,2,true,3,false,3671.0,0.0.3
1370412151856,54c3f6cbbcd1ded0439ccabc3a9b815d,10,3,false,0,false,3691.0,0.0.3
1370412151856,44a7cb249356bfdc3bb72d16f4801f46,50,4,false,0,false,3691.0,0.0.3
1370412151856,1ea200c817c2e40356d383fa4c2c5e62,100,5,false,0,false,3691.0,0.0.3
1370412151856,9b1de2b6a24c47745fb57d9b27e177ec,20,8,false,0,false,3691.0,0.0.3
1370412151856,da559d35cfb2d7fca3f3428b75ff6639,500,1,true,6,false,3691.0,0.0.3
1370412151856,88dd10b1556f00c031b5d111e74d1f72,1000,2,true,3,false,3691.0,0.0.3
1370419953714,54c3f6cbbcd1ded0439ccabc3a9b815d,10,4,false,0,false,3701.0,0.0.3
1370419953714,9b1de2b6a24c47745fb57d9b27e177ec,20,8,false,0,false,3701.0,0.0.3
1370419953714,44a7cb249356bfdc3bb72d16f4801f46,50,4,false,0,false,3701.0,0.0.3
1370419953714,1ea200c817c2e40356d383fa4c2c5e62,100,5,false,0,false,3701.0,0.0.3
1370419953714,da559d35cfb2d7fca3f3428b75ff6639,500,1,true,6,false,3701.0,0.0.3
1370419953714,88dd10b1556f00c031b5d111e74d1f72,1000,2,true,3,false,3701.0,0.0.3
1370429557062,54c3f6cbbcd1ded0439ccabc3a9b815d,10,5,false,0,false,3721.0,0.0.3
1370429557062,9b1de2b6a24c47745fb57d9b27e177ec,20,8,false,0,false,3721.0,0.0.3
1370429557062,44a7cb249356bfdc3bb72d16f4801f46,50,4,false,0,false,3721.0,0.0.3
1370429557062,1ea200c817c2e40356d383fa4c2c5e62,100,5,false,0,false,3721.0,0.0.3
1370429557062,da559d35cfb2d7fca3f3428b75ff6639,500,1,true,6,false,3721.0,0.0.3
1370429557062,88dd10b1556f00c031b5d111e74d1f72,1000,2,true,3,false,3721.0,0.0.3
1370438560346,54c3f6cbbcd1ded0439ccabc3a9b815d,10,6,false,0,false,3821.0,0.0.3
1370438560346,9b1de2b6a24c47745fb57d9b27e177ec,20,8,false,0,false,3821.0,0.0.3
1370438560346,44a7cb249356bfdc3bb72d16f4801f46,50,4,false,0,false,3821.0,0.0.3
1370438560346,1ea200c817c2e40356d383fa4c2c5e62,100,5,false,0,false,3821.0,0.0.3
1370438560346,da559d35cfb2d7fca3f3428b75ff6639,500,1,true,6,false,3821.0,0.0.3
1370438560346,88dd10b1556f00c031b5d111e74d1f72,1000,2,true,3,false,3821.0,0.0.3
1370439760963,1ea200c817c2e40356d383fa4c2c5e62,100,5,false,0,false,3946.0,0.0.3
1370439760963,9b1de2b6a24c47745fb57d9b27e177ec,20,8,false,0,false,3946.0,0.0.3
1370439760963,44a7cb249356bfdc3bb72d16f4801f46,50,5,false,0,false,3946.0,0.0.3
1370439760963,da559d35cfb2d7fca3f3428b75ff6639,500,1,true,6,false,3946.0,0.0.3
1370439760963,88dd10b1556f00c031b5d111e74d1f72,1000,2,true,3,false,3946.0,0.0.3
1370439760963,54c3f6cbbcd1ded0439ccabc3a9b815d,10,6,false,0,false,3946.0,0.0.3
1370440360770,54c3f6cbbcd1ded0439ccabc3a9b815d,10,6,false,0,false,3966.0,0.0.3
1370440360770,1ea200c817c2e40356d383fa4c2c5e62,100,5,false,0,false,3966.0,0.0.3
1370440360770,9b1de2b6a24c47745fb57d9b27e177ec,20,9,false,0,false,3966.0,0.0.3
1370440360770,44a7cb249356bfdc3bb72d16f4801f46,50,5,false,0,false,3966.0,0.0.3
1370440360770,da559d35cfb2d7fca3f3428b75ff6639,500,1,true,6,false,3966.0,0.0.3
1370440360770,88dd10b1556f00c031b5d111e74d1f72,1000,2,true,3,false,3966.0,0.0.3
1370440962162,9b1de2b6a24c47745fb57d9b27e177ec,20,9,false,0,false,3976.0,0.0.3
1370440962162,44a7cb249356bfdc3bb72d16f4801f46,50,5,false,0,false,3976.0,0.0.3
1370440962162,54c3f6cbbcd1ded0439ccabc3a9b815d,10,7,false,0,false,3976.0,0.0.3
1370440962162,1ea200c817c2e40356d383fa4c2c5e62,100,5,false,0,false,3976.0,0.0.3
1370440962162,da559d35cfb2d7fca3f3428b75ff6639,500,1,true,6,false,3976.0,0.0.3
1370440962162,88dd10b1556f00c031b5d111e74d1f72,1000,2,true,3,false,3976.0,0.0.3
1370441560750,54c3f6cbbcd1ded0439ccabc3a9b815d,10,8,false,0,false,3986.0,0.0.3
1370441560750,9b1de2b6a24c47745fb57d9b27e177ec,20,9,false,0,false,3986.0,0.0.3
1370441560750,44a7cb249356bfdc3bb72d16f4801f46,50,5,false,0,false,3986.0,0.0.3
1370441560750,1ea200c817c2e40356d383fa4c2c5e62,100,5,false,0,false,3986.0,0.0.3
1370441560750,da559d35cfb2d7fca3f3428b75ff6639,500,1,true,6,false,3986.0,0.0.3
1370441560750,88dd10b1556f00c031b5d111e74d1f72,1000,2,true,3,false,3986.0,0.0.3
1370442761772,9b1de2b6a24c47745fb57d9b27e177ec,20,11,false,0,false,4046.0,0.0.3
1370442761772,54c3f6cbbcd1ded0439ccabc3a9b815d,10,8,false,0,false,4046.0,0.0.3
1370442761772,44a7cb249356bfdc3bb72d16f4801f46,50,5,false,0,false,4046.0,0.0.3
1370442761772,1ea200c817c2e40356d383fa4c2c5e62,100,5,false,0,false,4046.0,0.0.3
1370442761772,da559d35cfb2d7fca3f3428b75ff6639,500,1,true,6,false,4046.0,0.0.3
1370442761772,88dd10b1556f00c031b5d111e74d1f72,1000,2,true,3,false,4046.0,0.0.3
1370443361709,9b1de2b6a24c47745fb57d9b27e177ec,20,12,false,0,false,4066.0,0.0.3
1370443361709,1ea200c817c2e40356d383fa4c2c5e62,100,5,false,0,false,4066.0,0.0.3
1370443361709,44a7cb249356bfdc3bb72d16f4801f46,50,5,false,0,false,4066.0,0.0.3
1370443361709,da559d35cfb2d7fca3f3428b75ff6639,500,1,true,6,false,4066.0,0.0.3
1370443361709,88dd10b1556f00c031b5d111e74d1f72,1000,2,true,3,false,4066.0,0.0.3
1370443361709,54c3f6cbbcd1ded0439ccabc3a9b815d,10,8,false,0,false,4066.0,0.0.3
1370443961829,54c3f6cbbcd1ded0439ccabc3a9b815d,10,8,false,0,false,4086.0,0.0.3
1370443961829,9b1de2b6a24c47745fb57d9b27e177ec,20,13,false,0,false,4086.0,0.0.3
1370443961829,44a7cb249356bfdc3bb72d16f4801f46,50,5,false,0,false,4086.0,0.0.3
1370443961829,1ea200c817c2e40356d383fa4c2c5e62,100,5,false,0,false,4086.0,0.0.3
1370443961829,da559d35cfb2d7fca3f3428b75ff6639,500,1,true,6,false,4086.0,0.0.3
1370443961829,88dd10b1556f00c031b5d111e74d1f72,1000,2,true,3,false,4086.0,0.0.3
1370445163165,54c3f6cbbcd1ded0439ccabc3a9b815d,10,8,false,0,false,4106.0,0.0.3
1370445163165,9b1de2b6a24c47745fb57d9b27e177ec,20,14,false,0,false,4106.0,0.0.3
1370445163165,44a7cb249356bfdc3bb72d16f4801f46,50,5,false,0,false,4106.0,0.0.3
1370445163165,1ea200c817c2e40356d383fa4c2c5e62,100,5,false,0,false,4106.0,0.0.3
1370445163165,da559d35cfb2d7fca3f3428b75ff6639,500,1,true,6,false,4106.0,0.0.3
1370445163165,88dd10b1556f00c031b5d111e74d1f72,1000,2,true,3,false,4106.0,0.0.3
1370445763008,54c3f6cbbcd1ded0439ccabc3a9b815d,10,10,false,0,false,4135.0,0.0.3
1370445763008,9b1de2b6a24c47745fb57d9b27e177ec,20,14,false,0,false,4135.0,0.0.3
1370445763008,44a7cb249356bfdc3bb72d16f4801f46,50,5,false,0,false,4135.0,0.0.3
1370445763008,1ea200c817c2e40356d383fa4c2c5e62,100,5,false,0,false,4135.0,0.0.3
1370445763008,da559d35cfb2d7fca3f3428b75ff6639,500,1,true,6,false,4135.0,0.0.3
1370445763008,88dd10b1556f00c031b5d111e74d1f72,1000,2,true,3,false,4135.0,0.0.3
1370446362752,54c3f6cbbcd1ded0439ccabc3a9b815d,10,11,false,0,false,4195.0,0.0.3
1370446362752,44a7cb249356bfdc3bb72d16f4801f46,50,6,false,0,false,4195.0,0.0.3
1370446362752,9b1de2b6a24c47745fb57d9b27e177ec,20,14,false,0,false,4195.0,0.0.3
1370446362752,1ea200c817c2e40356d383fa4c2c5e62,100,5,false,0,false,4195.0,0.0.3
1370446362752,da559d35cfb2d7fca3f3428b75ff6639,500,1,true,6,false,4195.0,0.0.3
1370446362752,88dd10b1556f00c031b5d111e74d1f72,1000,2,true,3,false,4195.0,0.0.3
1370446962405,54c3f6cbbcd1ded0439ccabc3a9b815d,10,11,false,0,false,4695.0,0.0.3
1370446962405,9b1de2b6a24c47745fb57d9b27e177ec,20,14,false,0,false,4695.0,0.0.3
1370446962405,44a7cb249356bfdc3bb72d16f4801f46,50,6,false,0,false,4695.0,0.0.3
1370446962405,1ea200c817c2e40356d383fa4c2c5e62,100,5,false,0,false,4695.0,0.0.3
1370446962405,da559d35cfb2d7fca3f3428b75ff6639,500,2,true,6,false,4695.0,0.0.3
1370446962405,88dd10b1556f00c031b5d111e74d1f72,1000,2,true,3,false,4695.0,0.0.3
1370449965401,54c3f6cbbcd1ded0439ccabc3a9b815d,10,11,false,0,false,5695.0,0.0.3
1370449965401,9b1de2b6a24c47745fb57d9b27e177ec,20,14,false,0,false,5695.0,0.0.3
1370449965401,44a7cb249356bfdc3bb72d16f4801f46,50,6,false,0,false,5695.0,0.0.3
1370449965401,1ea200c817c2e40356d383fa4c2c5e62,100,5,false,0,false,5695.0,0.0.3
1370449965401,da559d35cfb2d7fca3f3428b75ff6639,500,2,true,6,false,5695.0,0.0.3
1370449965401,88dd10b1556f00c031b5d111e74d1f72,1000,3,true,3,true,5695.0,0.0.3
1370451166342,54c3f6cbbcd1ded0439ccabc3a9b815d,10,11,false,0,false,5715.0,0.0.3
1370451166342,9b1de2b6a24c47745fb57d9b27e177ec,20,15,false,0,false,5715.0,0.0.3
1370451166342,44a7cb249356bfdc3bb72d16f4801f46,50,6,false,0,false,5715.0,0.0.3
1370451166342,1ea200c817c2e40356d383fa4c2c5e62,100,5,false,0,false,5715.0,0.0.3
1370451166342,da559d35cfb2d7fca3f3428b75ff6639,500,2,true,6,false,5715.0,0.0.3
1370451166342,88dd10b1556f00c031b5d111e74d1f72,1000,3,true,3,true,5715.0,0.0.3
1370451766372,54c3f6cbbcd1ded0439ccabc3a9b815d,10,11,false,0,false,5835.0,0.0.3
1370451766372,9b1de2b6a24c47745fb57d9b27e177ec,20,16,false,0,false,5835.0,0.0.3
1370451766372,44a7cb249356bfdc3bb72d16f4801f46,50,6,false,0,false,5835.0,0.0.3
1370451766372,1ea200c817c2e40356d383fa4c2c5e62,100,6,false,0,false,5835.0,0.0.3
1370451766372,da559d35cfb2d7fca3f3428b75ff6639,500,2,true,6,false,5835.0,0.0.3
1370451766372,88dd10b1556f00c031b5d111e74d1f72,1000,3,true,3,true,5835.0,0.0.3
1370452365923,54c3f6cbbcd1ded0439ccabc3a9b815d,10,12,false,0,false,5845.0,0.0.3
1370452365923,9b1de2b6a24c47745fb57d9b27e177ec,20,16,false,0,false,5845.0,0.0.3
1370452365923,44a7cb249356bfdc3bb72d16f4801f46,50,6,false,0,false,5845.0,0.0.3
1370452365923,1ea200c817c2e40356d383fa4c2c5e62,100,6,false,0,false,5845.0,0.0.3
1370452365923,da559d35cfb2d7fca3f3428b75ff6639,500,2,true,6,false,5845.0,0.0.3
1370452365923,88dd10b1556f00c031b5d111e74d1f72,1000,3,true,3,true,5845.0,0.0.3
1370452970729,54c3f6cbbcd1ded0439ccabc3a9b815d,10,12,false,0,false,5945.0,0.0.3
1370452970729,1ea200c817c2e40356d383fa4c2c5e62,100,7,false,0,false,5945.0,0.0.3
1370452970729,44a7cb249356bfdc3bb72d16f4801f46,50,6,false,0,false,5945.0,0.0.3
1370452970729,da559d35cfb2d7fca3f3428b75ff6639,500,2,true,6,false,5945.0,0.0.3
1370452970729,88dd10b1556f00c031b5d111e74d1f72,1000,3,true,3,true,5945.0,0.0.3
1370452970729,9b1de2b6a24c47745fb57d9b27e177ec,20,16,false,0,false,5945.0,0.0.3
1370453570053,54c3f6cbbcd1ded0439ccabc3a9b815d,10,13,false,0,false,6055.0,0.0.3
1370453570053,9b1de2b6a24c47745fb57d9b27e177ec,20,16,false,0,false,6055.0,0.0.3
1370453570053,44a7cb249356bfdc3bb72d16f4801f46,50,6,false,0,false,6055.0,0.0.3
1370453570053,1ea200c817c2e40356d383fa4c2c5e62,100,7,false,0,false,6055.0,0.0.3
1370453570053,da559d35cfb2d7fca3f3428b75ff6639,500,2,true,6,false,6055.0,0.0.3
1370453570053,88dd10b1556f00c031b5d111e74d1f72,1000,3,true,3,true,6055.0,0.0.3
1370454169274,54c3f6cbbcd1ded0439ccabc3a9b815d,10,14,false,0,false,6190.0,0.0.3
1370454169274,44a7cb249356bfdc3bb72d16f4801f46,50,6,false,0,false,6190.0,0.0.3
1370454169274,9b1de2b6a24c47745fb57d9b27e177ec,20,17,false,0,false,6190.0,0.0.3
1370454169274,1ea200c817c2e40356d383fa4c2c5e62,100,8,false,0,false,6190.0,0.0.3
1370454169274,da559d35cfb2d7fca3f3428b75ff6639,500,2,true,6,false,6190.0,0.0.3
1370454169274,88dd10b1556f00c031b5d111e74d1f72,1000,3,true,3,true,6190.0,0.0.3
1370455371892,54c3f6cbbcd1ded0439ccabc3a9b815d,10,15,false,0,false,6300.0,0.0.3
1370455371892,9b1de2b6a24c47745fb57d9b27e177ec,20,17,false,0,false,6300.0,0.0.3
1370455371892,44a7cb249356bfdc3bb72d16f4801f46,50,6,false,0,false,6300.0,0.0.3
1370455371892,1ea200c817c2e40356d383fa4c2c5e62,100,9,false,0,false,6300.0,0.0.3
1370455371892,da559d35cfb2d7fca3f3428b75ff6639,500,2,true,6,false,6300.0,0.0.3
1370455371892,88dd10b1556f00c031b5d111e74d1f72,1000,3,true,3,true,6300.0,0.0.3
1370457173083,54c3f6cbbcd1ded0439ccabc3a9b815d,10,15,false,0,false,6390.0,0.0.3
1370457173083,9b1de2b6a24c47745fb57d9b27e177ec,20,19,false,0,false,6390.0,0.0.3
1370457173083,44a7cb249356bfdc3bb72d16f4801f46,50,7,false,0,false,6390.0,0.0.3
1370457173083,1ea200c817c2e40356d383fa4c2c5e62,100,9,false,0,false,6390.0,0.0.3
1370457173083,da559d35cfb2d7fca3f3428b75ff6639,500,2,true,6,false,6390.0,0.0.3
1370457173083,88dd10b1556f00c031b5d111e74d1f72,1000,3,true,3,true,6390.0,0.0.3
1370457772421,44a7cb249356bfdc3bb72d16f4801f46,50,7,false,0,false,6405.0,0.0.3
1370457772421,9b1de2b6a24c47745fb57d9b27e177ec,20,19,false,0,false,6405.0,0.0.3
1370457772421,da559d35cfb2d7fca3f3428b75ff6639,500,2,true,6,false,6405.0,0.0.3
1370457772421,1ea200c817c2e40356d383fa4c2c5e62,100,9,false,0,false,6405.0,0.0.3
1370457772421,54c3f6cbbcd1ded0439ccabc3a9b815d,10,16,false,0,false,6405.0,0.0.3
1370457772421,88dd10b1556f00c031b5d111e74d1f72,1000,3,true,3,true,6405.0,0.0.3
1370458373401,54c3f6cbbcd1ded0439ccabc3a9b815d,10,17,false,0,false,6455.0,0.0.3
1370458373401,9b1de2b6a24c47745fb57d9b27e177ec,20,21,false,0,false,6455.0,0.0.3
1370458373401,44a7cb249356bfdc3bb72d16f4801f46,50,7,false,0,false,6455.0,0.0.3
1370458373401,1ea200c817c2e40356d383fa4c2c5e62,100,9,false,0,false,6455.0,0.0.3
1370458373401,da559d35cfb2d7fca3f3428b75ff6639,500,2,true,6,false,6455.0,0.0.3
1370458373401,88dd10b1556f00c031b5d111e74d1f72,1000,3,true,3,true,6455.0,0.0.3
1370458974040,54c3f6cbbcd1ded0439ccabc3a9b815d,10,17,false,0,false,6475.0,0.0.3
1370458974040,9b1de2b6a24c47745fb57d9b27e177ec,20,22,false,0,false,6475.0,0.0.3
1370458974040,44a7cb249356bfdc3bb72d16f4801f46,50,7,false,0,false,6475.0,0.0.3
1370458974040,1ea200c817c2e40356d383fa4c2c5e62,100,9,false,0,false,6475.0,0.0.3
1370458974040,da559d35cfb2d7fca3f3428b75ff6639,500,2,true,6,false,6475.0,0.0.3
1370458974040,88dd10b1556f00c031b5d111e74d1f72,1000,3,true,3,true,6475.0,0.0.3
1370460175758,54c3f6cbbcd1ded0439ccabc3a9b815d,10,18,false,0,false,6485.0,0.0.3
1370460175758,9b1de2b6a24c47745fb57d9b27e177ec,20,22,false,0,false,6485.0,0.0.3
1370460175758,44a7cb249356bfdc3bb72d16f4801f46,50,7,false,0,false,6485.0,0.0.3
1370460175758,1ea200c817c2e40356d383fa4c2c5e62,100,9,false,0,false,6485.0,0.0.3
1370460175758,da559d35cfb2d7fca3f3428b75ff6639,500,2,true,6,false,6485.0,0.0.3
1370460175758,88dd10b1556f00c031b5d111e74d1f72,1000,3,true,3,true,6485.0,0.0.3
1370460776684,54c3f6cbbcd1ded0439ccabc3a9b815d,10,18,false,0,false,6505.0,0.0.3
1370460776684,44a7cb249356bfdc3bb72d16f4801f46,50,7,false,0,false,6505.0,0.0.3
1370460776684,1ea200c817c2e40356d383fa4c2c5e62,100,9,false,0,false,6505.0,0.0.3
1370460776684,da559d35cfb2d7fca3f3428b75ff6639,500,2,true,6,false,6505.0,0.0.3
1370460776684,9b1de2b6a24c47745fb57d9b27e177ec,20,23,false,0,false,6505.0,0.0.3
1370460776684,88dd10b1556f00c031b5d111e74d1f72,1000,3,true,3,true,6505.0,0.0.3
1370461374397,9b1de2b6a24c47745fb57d9b27e177ec,20,24,false,0,false,6525.0,0.0.3
1370461374397,1ea200c817c2e40356d383fa4c2c5e62,100,9,false,0,false,6525.0,0.0.3
1370461374397,44a7cb249356bfdc3bb72d16f4801f46,50,7,false,0,false,6525.0,0.0.3
1370461374397,da559d35cfb2d7fca3f3428b75ff6639,500,2,true,6,false,6525.0,0.0.3
1370461374397,54c3f6cbbcd1ded0439ccabc3a9b815d,10,18,false,0,false,6525.0,0.0.3
1370461374397,88dd10b1556f00c031b5d111e74d1f72,1000,3,true,3,true,6525.0,0.0.3
1370463176373,9b1de2b6a24c47745fb57d9b27e177ec,20,25,false,0,false,6610.0,0.0.3
1370463176373,1ea200c817c2e40356d383fa4c2c5e62,100,9,false,0,false,6610.0,0.0.3
1370463176373,44a7cb249356bfdc3bb72d16f4801f46,50,8,false,0,false,6610.0,0.0.3
1370463176373,54c3f6cbbcd1ded0439ccabc3a9b815d,10,19,false,0,false,6610.0,0.0.3
1370463176373,da559d35cfb2d7fca3f3428b75ff6639,500,2,true,6,false,6610.0,0.0.3
1370463176373,88dd10b1556f00c031b5d111e74d1f72,1000,3,true,3,true,6610.0,0.0.3
1370464378447,9b1de2b6a24c47745fb57d9b27e177ec,20,27,false,0,false,6650.0,0.0.3
1370464378447,54c3f6cbbcd1ded0439ccabc3a9b815d,10,19,false,0,false,6650.0,0.0.3
1370464378447,44a7cb249356bfdc3bb72d16f4801f46,50,8,false,0,false,6650.0,0.0.3
1370464378447,1ea200c817c2e40356d383fa4c2c5e62,100,9,false,0,false,6650.0,0.0.3
1370464378447,da559d35cfb2d7fca3f3428b75ff6639,500,2,true,6,false,6650.0,0.0.3
1370464378447,88dd10b1556f00c031b5d111e74d1f72,1000,3,true,3,true,6650.0,0.0.3
1370464978762,9b1de2b6a24c47745fb57d9b27e177ec,20,28,false,0,false,6721.0,0.0.3
1370464978762,44a7cb249356bfdc3bb72d16f4801f46,50,9,false,0,false,6721.0,0.0.3
1370464978762,54c3f6cbbcd1ded0439ccabc3a9b815d,10,19,false,0,false,6721.0,0.0.3
1370464978762,1ea200c817c2e40356d383fa4c2c5e62,100,9,false,0,false,6721.0,0.0.3
1370464978762,da559d35cfb2d7fca3f3428b75ff6639,500,2,true,6,false,6721.0,0.0.3
1370464978762,88dd10b1556f00c031b5d111e74d1f72,1000,3,true,3,true,6721.0,0.0.3
1370466178407,54c3f6cbbcd1ded0439ccabc3a9b815d,10,19,false,0,false,6891.0,0.0.3
1370466178407,9b1de2b6a24c47745fb57d9b27e177ec,20,29,false,0,false,6891.0,0.0.3
1370466178407,44a7cb249356bfdc3bb72d16f4801f46,50,10,false,0,false,6891.0,0.0.3
1370466178407,1ea200c817c2e40356d383fa4c2c5e62,100,10,false,0,false,6891.0,0.0.3
1370466178407,da559d35cfb2d7fca3f3428b75ff6639,500,2,true,6,false,6891.0,0.0.3
1370466178407,88dd10b1556f00c031b5d111e74d1f72,1000,3,true,3,true,6891.0,0.0.3
1370466778802,54c3f6cbbcd1ded0439ccabc3a9b815d,10,20,false,0,false,7001.0,0.0.3
1370466778802,44a7cb249356bfdc3bb72d16f4801f46,50,10,false,0,false,7001.0,0.0.3
1370466778802,1ea200c817c2e40356d383fa4c2c5e62,100,11,false,0,false,7001.0,0.0.3
1370466778802,9b1de2b6a24c47745fb57d9b27e177ec,20,29,false,0,false,7001.0,0.0.3
1370466778802,da559d35cfb2d7fca3f3428b75ff6639,500,2,true,6,false,7001.0,0.0.3
1370466778802,88dd10b1556f00c031b5d111e74d1f72,1000,3,true,3,true,7001.0,0.0.3
1370467383287,54c3f6cbbcd1ded0439ccabc3a9b815d,10,21,false,0,false,7031.0,0.0.3
1370467383287,9b1de2b6a24c47745fb57d9b27e177ec,20,30,false,0,false,7031.0,0.0.3
1370467383287,44a7cb249356bfdc3bb72d16f4801f46,50,10,false,0,false,7031.0,0.0.3
1370467383287,1ea200c817c2e40356d383fa4c2c5e62,100,11,false,0,false,7031.0,0.0.3
1370467383287,da559d35cfb2d7fca3f3428b75ff6639,500,2,true,6,false,7031.0,0.0.3
1370467383287,88dd10b1556f00c031b5d111e74d1f72,1000,3,true,3,true,7031.0,0.0.3
1370469181503,54c3f6cbbcd1ded0439ccabc3a9b815d,10,21,false,0,false,7081.0,0.0.3
1370469181503,44a7cb249356bfdc3bb72d16f4801f46,50,11,false,0,false,7081.0,0.0.3
1370469181503,9b1de2b6a24c47745fb57d9b27e177ec,20,30,false,0,false,7081.0,0.0.3
1370469181503,1ea200c817c2e40356d383fa4c2c5e62,100,11,false,0,false,7081.0,0.0.3
1370469181503,da559d35cfb2d7fca3f3428b75ff6639,500,2,true,6,false,7081.0,0.0.3
1370469181503,88dd10b1556f00c031b5d111e74d1f72,1000,3,true,3,true,7081.0,0.0.3
1370471581819,54c3f6cbbcd1ded0439ccabc3a9b815d,10,21,false,0,false,7101.0,0.0.3
1370471581819,9b1de2b6a24c47745fb57d9b27e177ec,20,31,false,0,false,7101.0,0.0.3
1370471581819,44a7cb249356bfdc3bb72d16f4801f46,50,11,false,0,false,7101.0,0.0.3
1370471581819,1ea200c817c2e40356d383fa4c2c5e62,100,11,false,0,false,7101.0,0.0.3
1370471581819,da559d35cfb2d7fca3f3428b75ff6639,500,2,true,6,false,7101.0,0.0.3
1370471581819,88dd10b1556f00c031b5d111e74d1f72,1000,3,true,3,true,7101.0,0.0.3
1370479386050,54c3f6cbbcd1ded0439ccabc3a9b815d,10,21,false,0,false,7126.0,0.0.3
1370479386050,9b1de2b6a24c47745fb57d9b27e177ec,20,32,false,0,false,7126.0,0.0.3
1370479386050,44a7cb249356bfdc3bb72d16f4801f46,50,11,false,0,false,7126.0,0.0.3
1370479386050,1ea200c817c2e40356d383fa4c2c5e62,100,11,false,0,false,7126.0,0.0.3
1370479386050,da559d35cfb2d7fca3f3428b75ff6639,500,2,true,6,false,7126.0,0.0.3
1370479386050,88dd10b1556f00c031b5d111e74d1f72,1000,3,true,3,true,7126.0,0.0.3
1370482390411,54c3f6cbbcd1ded0439ccabc3a9b815d,10,22,false,0,false,7136.0,0.0.3
1370482390411,9b1de2b6a24c47745fb57d9b27e177ec,20,32,false,0,false,7136.0,0.0.3
1370482390411,44a7cb249356bfdc3bb72d16f4801f46,50,11,false,0,false,7136.0,0.0.3
1370482390411,1ea200c817c2e40356d383fa4c2c5e62,100,11,false,0,false,7136.0,0.0.3
1370482390411,da559d35cfb2d7fca3f3428b75ff6639,500,2,true,6,false,7136.0,0.0.3
1370482390411,88dd10b1556f00c031b5d111e74d1f72,1000,3,true,3,true,7136.0,0.0.3
1370485391765,54c3f6cbbcd1ded0439ccabc3a9b815d,10,22,false,0,false,7156.0,0.0.3
1370485391765,9b1de2b6a24c47745fb57d9b27e177ec,20,33,false,0,false,7156.0,0.0.3
1370485391765,44a7cb249356bfdc3bb72d16f4801f46,50,11,false,0,false,7156.0,0.0.3
1370485391765,1ea200c817c2e40356d383fa4c2c5e62,100,11,false,0,false,7156.0,0.0.3
1370485391765,da559d35cfb2d7fca3f3428b75ff6639,500,2,true,6,false,7156.0,0.0.3
1370485391765,88dd10b1556f00c031b5d111e74d1f72,1000,3,true,3,true,7156.0,0.0.3
1370494392241,54c3f6cbbcd1ded0439ccabc3a9b815d,10,22,false,0,false,7206.0,0.0.3
1370494392241,44a7cb249356bfdc3bb72d16f4801f46,50,12,false,0,false,7206.0,0.0.3
1370494392241,1ea200c817c2e40356d383fa4c2c5e62,100,11,false,0,false,7206.0,0.0.3
1370494392241,9b1de2b6a24c47745fb57d9b27e177ec,20,33,false,0,false,7206.0,0.0.3
1370494392241,da559d35cfb2d7fca3f3428b75ff6639,500,2,true,6,false,7206.0,0.0.3
1370494392241,88dd10b1556f00c031b5d111e74d1f72,1000,3,true,3,true,7206.0,0.0.3
1370522001646,54c3f6cbbcd1ded0439ccabc3a9b815d,10,22,false,0,false,7226.0,0.0.3
1370522001646,44a7cb249356bfdc3bb72d16f4801f46,50,12,false,0,false,7226.0,0.0.3
1370522001646,9b1de2b6a24c47745fb57d9b27e177ec,20,34,false,0,false,7226.0,0.0.3
1370522001646,1ea200c817c2e40356d383fa4c2c5e62,100,11,false,0,false,7226.0,0.0.3
1370522001646,da559d35cfb2d7fca3f3428b75ff6639,500,2,true,6,false,7226.0,0.0.3
1370522001646,88dd10b1556f00c031b5d111e74d1f72,1000,3,true,3,true,7226.0,0.0.3
1370528002424,54c3f6cbbcd1ded0439ccabc3a9b815d,10,22,false,0,false,7246.0,0.0.3
1370528002424,1ea200c817c2e40356d383fa4c2c5e62,100,11,false,0,false,7246.0,0.0.3
1370528002424,44a7cb249356bfdc3bb72d16f4801f46,50,12,false,0,false,7246.0,0.0.3
1370528002424,9b1de2b6a24c47745fb57d9b27e177ec,20,35,false,0,false,7246.0,0.0.3
1370528002424,da559d35cfb2d7fca3f3428b75ff6639,500,2,true,6,false,7246.0,0.0.3
1370528002424,88dd10b1556f00c031b5d111e74d1f72,1000,3,true,3,true,7246.0,0.0.3
1370531007186,9b1de2b6a24c47745fb57d9b27e177ec,20,36,false,0,false,7266.0,0.0.3
1370531007186,da559d35cfb2d7fca3f3428b75ff6639,500,2,true,6,false,7266.0,0.0.3
1370531007186,1ea200c817c2e40356d383fa4c2c5e62,100,11,false,0,false,7266.0,0.0.3
1370531007186,54c3f6cbbcd1ded0439ccabc3a9b815d,10,22,false,0,false,7266.0,0.0.3
1370531007186,88dd10b1556f00c031b5d111e74d1f72,1000,3,true,3,true,7266.0,0.0.3
1370531007186,44a7cb249356bfdc3bb72d16f4801f46,50,12,false,0,false,7266.0,0.0.3
1370545411851,44a7cb249356bfdc3bb72d16f4801f46,50,13,false,0,false,7316.0,0.0.3
1370545411851,1ea200c817c2e40356d383fa4c2c5e62,100,11,false,0,false,7316.0,0.0.3
1370545411851,da559d35cfb2d7fca3f3428b75ff6639,500,2,true,6,false,7316.0,0.0.3
1370545411851,54c3f6cbbcd1ded0439ccabc3a9b815d,10,22,false,0,false,7316.0,0.0.3
1370545411851,88dd10b1556f00c031b5d111e74d1f72,1000,3,true,3,true,7316.0,0.0.3
1370545411851,9b1de2b6a24c47745fb57d9b27e177ec,20,36,false,0,false,7316.0,0.0.3
1370553815352,54c3f6cbbcd1ded0439ccabc3a9b815d,10,22,false,0,false,7341.0,0.0.3
1370553815352,9b1de2b6a24c47745fb57d9b27e177ec,20,37,false,0,false,7341.0,0.0.3
1370553815352,44a7cb249356bfdc3bb72d16f4801f46,50,13,false,0,false,7341.0,0.0.3
1370553815352,1ea200c817c2e40356d383fa4c2c5e62,100,11,false,0,false,7341.0,0.0.3
1370553815352,da559d35cfb2d7fca3f3428b75ff6639,500,2,true,6,false,7341.0,0.0.3
1370553815352,88dd10b1556f00c031b5d111e74d1f72,1000,3,true,3,true,7341.0,0.0.3
1370582030456,54c3f6cbbcd1ded0439ccabc3a9b815d,10,22,false,0,false,7361.0,0.0.3
1370582030456,9b1de2b6a24c47745fb57d9b27e177ec,20,38,false,0,false,7361.0,0.0.3
1370582030456,44a7cb249356bfdc3bb72d16f4801f46,50,13,false,0,false,7361.0,0.0.3
1370582030456,1ea200c817c2e40356d383fa4c2c5e62,100,11,false,0,false,7361.0,0.0.3
1370582030456,da559d35cfb2d7fca3f3428b75ff6639,500,2,true,6,false,7361.0,0.0.3
1370582030456,88dd10b1556f00c031b5d111e74d1f72,1000,3,true,3,true,7361.0,0.0.3
1370656468671,54c3f6cbbcd1ded0439ccabc3a9b815d,10,22,false,0,false,7381.0,0.0.3
1370656468671,1ea200c817c2e40356d383fa4c2c5e62,100,11,false,0,false,7381.0,0.0.3
1370656468671,44a7cb249356bfdc3bb72d16f4801f46,50,13,false,0,false,7381.0,0.0.3
1370656468671,88dd10b1556f00c031b5d111e74d1f72,1000,3,true,3,true,7381.0,0.0.3
1370656468671,da559d35cfb2d7fca3f3428b75ff6639,500,2,true,6,false,7381.0,0.0.3
1370656468671,9b1de2b6a24c47745fb57d9b27e177ec,20,39,false,0,false,7381.0,0.0.3
1370715298607,54c3f6cbbcd1ded0439ccabc3a9b815d,10,22,false,0,false,7881.0,0.0.3
1370715298607,9b1de2b6a24c47745fb57d9b27e177ec,20,39,false,0,false,7881.0,0.0.3
1370715298607,44a7cb249356bfdc3bb72d16f4801f46,50,13,false,0,false,7881.0,0.0.3
1370715298607,1ea200c817c2e40356d383fa4c2c5e62,100,11,false,0,false,7881.0,0.0.3
1370715298607,da559d35cfb2d7fca3f3428b75ff6639,500,3,true,6,false,7881.0,0.0.3
1370715298607,88dd10b1556f00c031b5d111e74d1f72,1000,3,true,3,true,7881.0,0.0.3
1370749509642,54c3f6cbbcd1ded0439ccabc3a9b815d,10,23,false,0,false,7891.0,0.0.3
1370749509642,9b1de2b6a24c47745fb57d9b27e177ec,20,39,false,0,false,7891.0,0.0.3
1370749509642,44a7cb249356bfdc3bb72d16f4801f46,50,13,false,0,false,7891.0,0.0.3
1370749509642,1ea200c817c2e40356d383fa4c2c5e62,100,11,false,0,false,7891.0,0.0.3
1370749509642,88dd10b1556f00c031b5d111e74d1f72,1000,3,true,3,true,7891.0,0.0.3
1370749509642,da559d35cfb2d7fca3f3428b75ff6639,500,3,true,6,false,7891.0,0.0.3
1370826356208,54c3f6cbbcd1ded0439ccabc3a9b815d,10,23,false,0,false,7991.0,0.0.3
1370826356208,9b1de2b6a24c47745fb57d9b27e177ec,20,39,false,0,false,7991.0,0.0.3
1370826356208,44a7cb249356bfdc3bb72d16f4801f46,50,13,false,0,false,7991.0,0.0.3
1370826356208,1ea200c817c2e40356d383fa4c2c5e62,100,12,false,0,false,7991.0,0.0.3
1370826356208,da559d35cfb2d7fca3f3428b75ff6639,500,3,true,6,false,7991.0,0.0.3
1370826356208,88dd10b1556f00c031b5d111e74d1f72,1000,3,true,3,true,7991.0,0.0.3
1370836551530,54c3f6cbbcd1ded0439ccabc3a9b815d,10,23,false,0,false,8011.0,0.0.3
1370836551530,9b1de2b6a24c47745fb57d9b27e177ec,20,40,false,0,false,8011.0,0.0.3
1370836551530,44a7cb249356bfdc3bb72d16f4801f46,50,13,false,0,false,8011.0,0.0.3
1370836551530,1ea200c817c2e40356d383fa4c2c5e62,100,12,false,0,false,8011.0,0.0.3
1370836551530,da559d35cfb2d7fca3f3428b75ff6639,500,3,true,6,false,8011.0,0.0.3
1370836551530,88dd10b1556f00c031b5d111e74d1f72,1000,3,true,3,true,8011.0,0.0.3
1370840146179,9b1de2b6a24c47745fb57d9b27e177ec,20,41,false,0,false,8031.0,0.0.3
1370840146179,44a7cb249356bfdc3bb72d16f4801f46,50,13,false,0,false,8031.0,0.0.3
1370840146179,da559d35cfb2d7fca3f3428b75ff6639,500,3,true,6,false,8031.0,0.0.3
1370840146179,1ea200c817c2e40356d383fa4c2c5e62,100,12,false,0,false,8031.0,0.0.3
1370840146179,54c3f6cbbcd1ded0439ccabc3a9b815d,10,23,false,0,false,8031.0,0.0.3
1370840146179,88dd10b1556f00c031b5d111e74d1f72,1000,3,true,3,true,8031.0,0.0.3
1370880390854,54c3f6cbbcd1ded0439ccabc3a9b815d,10,23,false,0,false,8131.0,0.0.3
1370880390854,44a7cb249356bfdc3bb72d16f4801f46,50,13,false,0,false,8131.0,0.0.3
1370880390854,da559d35cfb2d7fca3f3428b75ff6639,500,3,true,6,false,8131.0,0.0.3
1370880390854,88dd10b1556f00c031b5d111e74d1f72,1000,3,true,3,true,8131.0,0.0.3
1370880390854,9b1de2b6a24c47745fb57d9b27e177ec,20,41,false,0,false,8131.0,0.0.3
1370880390854,1ea200c817c2e40356d383fa4c2c5e62,100,13,false,0,false,8131.0,0.0.3
1370881267583,54c3f6cbbcd1ded0439ccabc3a9b815d,10,23,false,0,false,8131.0,0.0.3
1370881267583,44a7cb249356bfdc3bb72d16f4801f46,50,13,false,0,false,8131.0,0.0.3
1370881267583,1ea200c817c2e40356d383fa4c2c5e62,100,13,false,0,false,8131.0,0.0.3
1370881267583,da559d35cfb2d7fca3f3428b75ff6639,500,3,true,6,false,8131.0,0.0.3
1370881267583,88dd10b1556f00c031b5d111e74d1f72,1000,3,true,3,true,8131.0,0.0.3
1370881267583,9b1de2b6a24c47745fb57d9b27e177ec,20,41,false,0,false,8131.0,0.0.3
1370881873366,9b1de2b6a24c47745fb57d9b27e177ec,20,43,false,0,false,8181.0,0.0.3
1370881873366,54c3f6cbbcd1ded0439ccabc3a9b815d,10,24,false,0,false,8181.0,0.0.3
1370881873366,44a7cb249356bfdc3bb72d16f4801f46,50,13,false,0,false,8181.0,0.0.3
1370881873366,1ea200c817c2e40356d383fa4c2c5e62,100,13,false,0,false,8181.0,0.0.3
1370881873366,da559d35cfb2d7fca3f3428b75ff6639,500,3,true,6,false,8181.0,0.0.3
1370881873366,88dd10b1556f00c031b5d111e74d1f72,1000,3,true,3,true,8181.0,0.0.3
1370884276475,54c3f6cbbcd1ded0439ccabc3a9b815d,10,24,false,0,false,8231.0,0.0.3
1370884276475,1ea200c817c2e40356d383fa4c2c5e62,100,13,false,0,false,8231.0,0.0.3
1370884276475,44a7cb249356bfdc3bb72d16f4801f46,50,14,false,0,false,8231.0,0.0.3
1370884276475,9b1de2b6a24c47745fb57d9b27e177ec,20,43,false,0,false,8231.0,0.0.3
1370884276475,da559d35cfb2d7fca3f3428b75ff6639,500,3,true,6,false,8231.0,0.0.3
1370884276475,88dd10b1556f00c031b5d111e74d1f72,1000,3,true,3,true,8231.0,0.0.3
1370885467390,54c3f6cbbcd1ded0439ccabc3a9b815d,10,25,false,0,false,8241.0,0.0.3
1370885467390,44a7cb249356bfdc3bb72d16f4801f46,50,14,false,0,false,8241.0,0.0.3
1370885467390,9b1de2b6a24c47745fb57d9b27e177ec,20,43,false,0,false,8241.0,0.0.3
1370885467390,1ea200c817c2e40356d383fa4c2c5e62,100,13,false,0,false,8241.0,0.0.3
1370885467390,da559d35cfb2d7fca3f3428b75ff6639,500,3,true,6,false,8241.0,0.0.3
1370885467390,88dd10b1556f00c031b5d111e74d1f72,1000,3,true,3,true,8241.0,0.0.3
1370887274434,54c3f6cbbcd1ded0439ccabc3a9b815d,10,26,false,0,false,8251.0,0.0.3
1370887274434,9b1de2b6a24c47745fb57d9b27e177ec,20,43,false,0,false,8251.0,0.0.3
1370887274434,44a7cb249356bfdc3bb72d16f4801f46,50,14,false,0,false,8251.0,0.0.3
1370887274434,1ea200c817c2e40356d383fa4c2c5e62,100,13,false,0,false,8251.0,0.0.3
1370887274434,da559d35cfb2d7fca3f3428b75ff6639,500,3,true,6,false,8251.0,0.0.3
1370887274434,88dd10b1556f00c031b5d111e74d1f72,1000,3,true,3,true,8251.0,0.0.3
1370889071347,54c3f6cbbcd1ded0439ccabc3a9b815d,10,26,false,0,false,8271.0,0.0.3
1370889071347,9b1de2b6a24c47745fb57d9b27e177ec,20,44,false,0,false,8271.0,0.0.3
1370889071347,44a7cb249356bfdc3bb72d16f4801f46,50,14,false,0,false,8271.0,0.0.3
1370889071347,1ea200c817c2e40356d383fa4c2c5e62,100,13,false,0,false,8271.0,0.0.3
1370889071347,da559d35cfb2d7fca3f3428b75ff6639,500,3,true,6,false,8271.0,0.0.3
1370889071347,88dd10b1556f00c031b5d111e74d1f72,1000,3,true,3,true,8271.0,0.0.3
1370909472092,54c3f6cbbcd1ded0439ccabc3a9b815d,10,26,false,0,false,8291.0,0.0.3
1370909472092,1ea200c817c2e40356d383fa4c2c5e62,100,13,false,0,false,8291.0,0.0.3
1370909472092,da559d35cfb2d7fca3f3428b75ff6639,500,3,true,6,false,8291.0,0.0.3
1370909472092,44a7cb249356bfdc3bb72d16f4801f46,50,14,false,0,false,8291.0,0.0.3
1370909472092,88dd10b1556f00c031b5d111e74d1f72,1000,3,true,3,true,8291.0,0.0.3
1370909472092,9b1de2b6a24c47745fb57d9b27e177ec,20,45,false,0,false,8291.0,0.0.3
1370917889742,54c3f6cbbcd1ded0439ccabc3a9b815d,10,26,false,0,false,8331.0,0.0.3
1370917889742,9b1de2b6a24c47745fb57d9b27e177ec,20,47,false,0,false,8331.0,0.0.3
1370917889742,44a7cb249356bfdc3bb72d16f4801f46,50,14,false,0,false,8331.0,0.0.3
1370917889742,1ea200c817c2e40356d383fa4c2c5e62,100,13,false,0,false,8331.0,0.0.3
1370917889742,da559d35cfb2d7fca3f3428b75ff6639,500,3,true,6,false,8331.0,0.0.3
1370917889742,88dd10b1556f00c031b5d111e74d1f72,1000,3,true,3,true,8331.0,0.0.3
1371002538296,9b1de2b6a24c47745fb57d9b27e177ec,20,48,false,0,false,8351.0,0.0.3
1371002538296,54c3f6cbbcd1ded0439ccabc3a9b815d,10,26,false,0,false,8351.0,0.0.3
1371002538296,44a7cb249356bfdc3bb72d16f4801f46,50,14,false,0,false,8351.0,0.0.3
1371002538296,1ea200c817c2e40356d383fa4c2c5e62,100,13,false,0,false,8351.0,0.0.3
1371002538296,da559d35cfb2d7fca3f3428b75ff6639,500,3,true,6,false,8351.0,0.0.3
1371002538296,88dd10b1556f00c031b5d111e74d1f72,1000,3,true,3,true,8351.0,0.0.3
1371063142366,54c3f6cbbcd1ded0439ccabc3a9b815d,10,26,false,0,false,8371.0,0.0.3
1371063142366,9b1de2b6a24c47745fb57d9b27e177ec,20,49,false,0,false,8371.0,0.0.3
1371063142366,44a7cb249356bfdc3bb72d16f4801f46,50,14,false,0,false,8371.0,0.0.3
1371063142366,1ea200c817c2e40356d383fa4c2c5e62,100,13,false,0,false,8371.0,0.0.3
1371063142366,da559d35cfb2d7fca3f3428b75ff6639,500,3,true,6,false,8371.0,0.0.3
1371063142366,88dd10b1556f00c031b5d111e74d1f72,1000,3,true,3,true,8371.0,0.0.3
1371064359839,54c3f6cbbcd1ded0439ccabc3a9b815d,10,27,false,0,false,8381.0,0.0.3
1371064359839,9b1de2b6a24c47745fb57d9b27e177ec,20,49,false,0,false,8381.0,0.0.3
1371064359839,44a7cb249356bfdc3bb72d16f4801f46,50,14,false,0,false,8381.0,0.0.3
1371064359839,1ea200c817c2e40356d383fa4c2c5e62,100,13,false,0,false,8381.0,0.0.3
1371064359839,da559d35cfb2d7fca3f3428b75ff6639,500,3,true,6,false,8381.0,0.0.3
1371064359839,88dd10b1556f00c031b5d111e74d1f72,1000,3,true,3,true,8381.0,0.0.3
1371066151394,54c3f6cbbcd1ded0439ccabc3a9b815d,10,27,false,0,false,8431.0,0.0.3
1371066151394,1ea200c817c2e40356d383fa4c2c5e62,100,13,false,0,false,8431.0,0.0.3
1371066151394,9b1de2b6a24c47745fb57d9b27e177ec,20,49,false,0,false,8431.0,0.0.3
1371066151394,44a7cb249356bfdc3bb72d16f4801f46,50,15,false,0,false,8431.0,0.0.3
1371066151394,da559d35cfb2d7fca3f3428b75ff6639,500,3,true,6,false,8431.0,0.0.3
1371066151394,88dd10b1556f00c031b5d111e74d1f72,1000,3,true,3,true,8431.0,0.0.3
1371067351353,54c3f6cbbcd1ded0439ccabc3a9b815d,10,28,false,0,false,8456.0,0.0.3
1371067351353,9b1de2b6a24c47745fb57d9b27e177ec,20,49,false,0,false,8456.0,0.0.3
1371067351353,44a7cb249356bfdc3bb72d16f4801f46,50,15,false,0,false,8456.0,0.0.3
1371067351353,1ea200c817c2e40356d383fa4c2c5e62,100,13,false,0,false,8456.0,0.0.3
1371067351353,da559d35cfb2d7fca3f3428b75ff6639,500,3,true,6,false,8456.0,0.0.3
1371067351353,88dd10b1556f00c031b5d111e74d1f72,1000,3,true,3,true,8456.0,0.0.3
1371068596169,44a7cb249356bfdc3bb72d16f4801f46,50,15,false,0,false,8476.0,0.0.3
1371068596169,9b1de2b6a24c47745fb57d9b27e177ec,20,50,false,0,false,8476.0,0.0.3
1371068596169,1ea200c817c2e40356d383fa4c2c5e62,100,13,false,0,false,8476.0,0.0.3
1371068596169,da559d35cfb2d7fca3f3428b75ff6639,500,3,true,6,false,8476.0,0.0.3
1371068596169,88dd10b1556f00c031b5d111e74d1f72,1000,3,true,3,true,8476.0,0.0.3
1371068596169,54c3f6cbbcd1ded0439ccabc3a9b815d,10,28,false,0,false,8476.0,0.0.3
1371071557237,9b1de2b6a24c47745fb57d9b27e177ec,20,50,false,0,false,8486.0,0.0.3
1371071557237,44a7cb249356bfdc3bb72d16f4801f46,50,15,false,0,false,8486.0,0.0.3
1371071557237,54c3f6cbbcd1ded0439ccabc3a9b815d,10,29,false,0,false,8486.0,0.0.3
1371071557237,1ea200c817c2e40356d383fa4c2c5e62,100,13,false,0,false,8486.0,0.0.3
1371071557237,da559d35cfb2d7fca3f3428b75ff6639,500,3,true,6,false,8486.0,0.0.3
1371071557237,88dd10b1556f00c031b5d111e74d1f72,1000,3,true,3,true,8486.0,0.0.3
1371075144098,54c3f6cbbcd1ded0439ccabc3a9b815d,10,30,false,0,false,8536.0,0.0.3
1371075144098,9b1de2b6a24c47745fb57d9b27e177ec,20,50,false,0,false,8536.0,0.0.3
1371075144098,44a7cb249356bfdc3bb72d16f4801f46,50,15,false,0,false,8536.0,0.0.3
1371075144098,1ea200c817c2e40356d383fa4c2c5e62,100,13,false,0,false,8536.0,0.0.3
1371075144098,da559d35cfb2d7fca3f3428b75ff6639,500,3,true,6,false,8536.0,0.0.3
1371075144098,88dd10b1556f00c031b5d111e74d1f72,1000,3,true,3,true,8536.0,0.0.3
1371076953089,54c3f6cbbcd1ded0439ccabc3a9b815d,10,30,false,0,false,8556.0,0.0.3
1371076953089,1ea200c817c2e40356d383fa4c2c5e62,100,13,false,0,false,8556.0,0.0.3
1371076953089,44a7cb249356bfdc3bb72d16f4801f46,50,15,false,0,false,8556.0,0.0.3
1371076953089,da559d35cfb2d7fca3f3428b75ff6639,500,3,true,6,false,8556.0,0.0.3
1371076953089,9b1de2b6a24c47745fb57d9b27e177ec,20,51,false,0,false,8556.0,0.0.3
1371076953089,88dd10b1556f00c031b5d111e74d1f72,1000,3,true,3,true,8556.0,0.0.3
1371078736437,54c3f6cbbcd1ded0439ccabc3a9b815d,10,31,false,0,false,8566.0,0.0.3
1371078736437,44a7cb249356bfdc3bb72d16f4801f46,50,15,false,0,false,8566.0,0.0.3
1371078736437,9b1de2b6a24c47745fb57d9b27e177ec,20,51,false,0,false,8566.0,0.0.3
1371078736437,1ea200c817c2e40356d383fa4c2c5e62,100,13,false,0,false,8566.0,0.0.3
1371078736437,da559d35cfb2d7fca3f3428b75ff6639,500,3,true,6,false,8566.0,0.0.3
1371078736437,88dd10b1556f00c031b5d111e74d1f72,1000,3,true,3,true,8566.0,0.0.3
1371093788757,54c3f6cbbcd1ded0439ccabc3a9b815d,10,31,false,0,false,8586.0,0.0.3
1371093788757,44a7cb249356bfdc3bb72d16f4801f46,50,15,false,0,false,8586.0,0.0.3
1371093788757,da559d35cfb2d7fca3f3428b75ff6639,500,3,true,6,false,8586.0,0.0.3
1371093788757,88dd10b1556f00c031b5d111e74d1f72,1000,3,true,3,true,8586.0,0.0.3
1371093788757,9b1de2b6a24c47745fb57d9b27e177ec,20,52,false,0,false,8586.0,0.0.3
1371093788757,1ea200c817c2e40356d383fa4c2c5e62,100,13,false,0,false,8586.0,0.0.3
1371096816268,54c3f6cbbcd1ded0439ccabc3a9b815d,10,31,false,0,false,8606.0,0.0.3
1371096816268,44a7cb249356bfdc3bb72d16f4801f46,50,15,false,0,false,8606.0,0.0.3
1371096816268,9b1de2b6a24c47745fb57d9b27e177ec,20,53,false,0,false,8606.0,0.0.3
1371096816268,1ea200c817c2e40356d383fa4c2c5e62,100,13,false,0,false,8606.0,0.0.3
1371096816268,da559d35cfb2d7fca3f3428b75ff6639,500,3,true,6,false,8606.0,0.0.3
1371096816268,88dd10b1556f00c031b5d111e74d1f72,1000,3,true,3,true,8606.0,0.0.3
1371137580563,54c3f6cbbcd1ded0439ccabc3a9b815d,10,32,false,0,false,8616.0,0.0.3
1371137580563,9b1de2b6a24c47745fb57d9b27e177ec,20,53,false,0,false,8616.0,0.0.3
1371137580563,44a7cb249356bfdc3bb72d16f4801f46,50,15,false,0,false,8616.0,0.0.3
1371137580563,1ea200c817c2e40356d383fa4c2c5e62,100,13,false,0,false,8616.0,0.0.3
1371137580563,da559d35cfb2d7fca3f3428b75ff6639,500,3,true,6,false,8616.0,0.0.3
1371137580563,88dd10b1556f00c031b5d111e74d1f72,1000,3,true,3,true,8616.0,0.0.3
1371142985427,1ea200c817c2e40356d383fa4c2c5e62,100,13,false,0,false,8636.0,0.0.3
1371142985427,44a7cb249356bfdc3bb72d16f4801f46,50,15,false,0,false,8636.0,0.0.3
1371142985427,88dd10b1556f00c031b5d111e74d1f72,1000,3,true,3,true,8636.0,0.0.3
1371142985427,da559d35cfb2d7fca3f3428b75ff6639,500,3,true,6,false,8636.0,0.0.3
1371142985427,9b1de2b6a24c47745fb57d9b27e177ec,20,54,false,0,false,8636.0,0.0.3
1371142985427,54c3f6cbbcd1ded0439ccabc3a9b815d,10,32,false,0,false,8636.0,0.0.3
1371144195247,54c3f6cbbcd1ded0439ccabc3a9b815d,10,32,false,0,false,8656.0,0.0.3
1371144195247,9b1de2b6a24c47745fb57d9b27e177ec,20,55,false,0,false,8656.0,0.0.3
1371144195247,44a7cb249356bfdc3bb72d16f4801f46,50,15,false,0,false,8656.0,0.0.3
1371144195247,1ea200c817c2e40356d383fa4c2c5e62,100,13,false,0,false,8656.0,0.0.3
1371144195247,da559d35cfb2d7fca3f3428b75ff6639,500,3,true,6,false,8656.0,0.0.3
1371144195247,88dd10b1556f00c031b5d111e74d1f72,1000,3,true,3,true,8656.0,0.0.3
1371153189316,54c3f6cbbcd1ded0439ccabc3a9b815d,10,32,false,0,false,8676.0,0.0.3
1371153189316,1ea200c817c2e40356d383fa4c2c5e62,100,13,false,0,false,8676.0,0.0.3
1371153189316,44a7cb249356bfdc3bb72d16f4801f46,50,15,false,0,false,8676.0,0.0.3
1371153189316,88dd10b1556f00c031b5d111e74d1f72,1000,3,true,3,true,8676.0,0.0.3
1371153189316,da559d35cfb2d7fca3f3428b75ff6639,500,3,true,6,false,8676.0,0.0.3
1371153189316,9b1de2b6a24c47745fb57d9b27e177ec,20,56,false,0,false,8676.0,0.0.3
1371154998600,54c3f6cbbcd1ded0439ccabc3a9b815d,10,32,false,0,false,8696.0,0.0.3
1371154998600,9b1de2b6a24c47745fb57d9b27e177ec,20,57,false,0,false,8696.0,0.0.3
1371154998600,44a7cb249356bfdc3bb72d16f4801f46,50,15,false,0,false,8696.0,0.0.3
1371154998600,1ea200c817c2e40356d383fa4c2c5e62,100,13,false,0,false,8696.0,0.0.3
1371154998600,da559d35cfb2d7fca3f3428b75ff6639,500,3,true,6,false,8696.0,0.0.3
1371154998600,88dd10b1556f00c031b5d111e74d1f72,1000,3,true,3,true,8696.0,0.0.3
1371158045070,54c3f6cbbcd1ded0439ccabc3a9b815d,10,33,false,0,false,8716.0,0.0.3
1371158045070,44a7cb249356bfdc3bb72d16f4801f46,50,15,false,0,false,8716.0,0.0.3
1371158045070,9b1de2b6a24c47745fb57d9b27e177ec,20,57,false,0,false,8716.0,0.0.3
1371158045070,88dd10b1556f00c031b5d111e74d1f72,1000,3,true,3,true,8716.0,0.0.3
1371158045070,1ea200c817c2e40356d383fa4c2c5e62,100,13,false,0,false,8716.0,0.0.3
1371158045070,da559d35cfb2d7fca3f3428b75ff6639,500,3,true,6,false,8716.0,0.0.3
1371224033201,1ea200c817c2e40356d383fa4c2c5e62,100,13,false,0,false,8766.0,0.0.3
1371224033201,9b1de2b6a24c47745fb57d9b27e177ec,20,57,false,0,false,8766.0,0.0.3
1371224033201,88dd10b1556f00c031b5d111e74d1f72,1000,3,true,3,true,8766.0,0.0.3
1371224033201,44a7cb249356bfdc3bb72d16f4801f46,50,15,false,0,false,8766.0,0.0.3
1371224033201,da559d35cfb2d7fca3f3428b75ff6639,500,3,true,6,false,8766.0,0.0.3
1371224033201,54c3f6cbbcd1ded0439ccabc3a9b815d,10,33,false,0,false,8766.0,0.0.3
1371253992400,54c3f6cbbcd1ded0439ccabc3a9b815d,10,34,false,0,false,8776.0,0.0.3
1371253992400,44a7cb249356bfdc3bb72d16f4801f46,50,15,false,0,false,8776.0,0.0.3
1371253992400,1ea200c817c2e40356d383fa4c2c5e62,100,13,false,0,false,8776.0,0.0.3
1371253992400,da559d35cfb2d7fca3f3428b75ff6639,500,3,true,6,false,8776.0,0.0.3
1371253992400,88dd10b1556f00c031b5d111e74d1f72,1000,3,true,3,true,8776.0,0.0.3
1371253992400,9b1de2b6a24c47745fb57d9b27e177ec,20,57,false,0,false,8776.0,0.0.3
1371348332582,44a7cb249356bfdc3bb72d16f4801f46,50,16,false,0,false,8826.0,0.0.3
1371348332582,54c3f6cbbcd1ded0439ccabc3a9b815d,10,34,false,0,false,8826.0,0.0.3
1371348332582,9b1de2b6a24c47745fb57d9b27e177ec,20,57,false,0,false,8826.0,0.0.3
1371348332582,da559d35cfb2d7fca3f3428b75ff6639,500,3,true,6,false,8826.0,0.0.3
1371348332582,1ea200c817c2e40356d383fa4c2c5e62,100,13,false,0,false,8826.0,0.0.3
1371348332582,88dd10b1556f00c031b5d111e74d1f72,1000,3,true,3,true,8826.0,0.0.3
1371411261287,54c3f6cbbcd1ded0439ccabc3a9b815d,10,34,false,0,false,8846.0,0.0.3
1371411261287,9b1de2b6a24c47745fb57d9b27e177ec,20,58,false,0,false,8846.0,0.0.3
1371411261287,44a7cb249356bfdc3bb72d16f4801f46,50,16,false,0,false,8846.0,0.0.3
1371411261287,1ea200c817c2e40356d383fa4c2c5e62,100,13,false,0,false,8846.0,0.0.3
1371411261287,da559d35cfb2d7fca3f3428b75ff6639,500,3,true,6,false,8846.0,0.0.3
1371411261287,88dd10b1556f00c031b5d111e74d1f72,1000,3,true,3,true,8846.0,0.0.3
1371435868516,54c3f6cbbcd1ded0439ccabc3a9b815d,10,35,false,0,false,8856.0,0.0.3
1371435868516,44a7cb249356bfdc3bb72d16f4801f46,50,16,false,0,false,8856.0,0.0.3
1371435868516,9b1de2b6a24c47745fb57d9b27e177ec,20,58,false,0,false,8856.0,0.0.3
1371435868516,1ea200c817c2e40356d383fa4c2c5e62,100,13,false,0,false,8856.0,0.0.3
1371435868516,da559d35cfb2d7fca3f3428b75ff6639,500,3,true,6,false,8856.0,0.0.3
1371435868516,88dd10b1556f00c031b5d111e74d1f72,1000,3,true,3,true,8856.0,0.0.3
1371482761711,1ea200c817c2e40356d383fa4c2c5e62,100,13,false,0,false,8896.0,0.0.3
1371482761711,54c3f6cbbcd1ded0439ccabc3a9b815d,10,37,false,0,false,8896.0,0.0.3
1371482761711,44a7cb249356bfdc3bb72d16f4801f46,50,16,false,0,false,8896.0,0.0.3
1371482761711,da559d35cfb2d7fca3f3428b75ff6639,500,3,true,6,false,8896.0,0.0.3
1371482761711,88dd10b1556f00c031b5d111e74d1f72,1000,3,true,3,true,8896.0,0.0.3
1371482761711,9b1de2b6a24c47745fb57d9b27e177ec,20,59,false,0,false,8896.0,0.0.3
1371483311225,54c3f6cbbcd1ded0439ccabc3a9b815d,10,38,false,0,false,8906.0,0.0.3
1371483311225,1ea200c817c2e40356d383fa4c2c5e62,100,13,false,0,false,8906.0,0.0.3
1371483311225,44a7cb249356bfdc3bb72d16f4801f46,50,16,false,0,false,8906.0,0.0.3
1371483311225,88dd10b1556f00c031b5d111e74d1f72,1000,3,true,3,true,8906.0,0.0.3
1371483311225,da559d35cfb2d7fca3f3428b75ff6639,500,3,true,6,false,8906.0,0.0.3
1371483311225,9b1de2b6a24c47745fb57d9b27e177ec,20,59,false,0,false,8906.0,0.0.3
1371483864196,54c3f6cbbcd1ded0439ccabc3a9b815d,10,38,false,0,false,8926.0,0.0.3
1371483864196,9b1de2b6a24c47745fb57d9b27e177ec,20,60,false,0,false,8926.0,0.0.3
1371483864196,1ea200c817c2e40356d383fa4c2c5e62,100,13,false,0,false,8926.0,0.0.3
1371483864196,44a7cb249356bfdc3bb72d16f4801f46,50,16,false,0,false,8926.0,0.0.3
1371483864196,da559d35cfb2d7fca3f3428b75ff6639,500,3,true,6,false,8926.0,0.0.3
1371483864196,88dd10b1556f00c031b5d111e74d1f72,1000,3,true,3,true,8926.0,0.0.3
1371484465888,54c3f6cbbcd1ded0439ccabc3a9b815d,10,38,false,0,false,8946.0,0.0.3
1371484465888,9b1de2b6a24c47745fb57d9b27e177ec,20,61,false,0,false,8946.0,0.0.3
1371484465888,44a7cb249356bfdc3bb72d16f4801f46,50,16,false,0,false,8946.0,0.0.3
1371484465888,1ea200c817c2e40356d383fa4c2c5e62,100,13,false,0,false,8946.0,0.0.3
1371484465888,da559d35cfb2d7fca3f3428b75ff6639,500,3,true,6,false,8946.0,0.0.3
1371484465888,88dd10b1556f00c031b5d111e74d1f72,1000,3,true,3,true,8946.0,0.0.3
1371485736028,54c3f6cbbcd1ded0439ccabc3a9b815d,10,40,false,0,false,8966.0,0.0.3
1371485736028,9b1de2b6a24c47745fb57d9b27e177ec,20,61,false,0,false,8966.0,0.0.3
1371485736028,44a7cb249356bfdc3bb72d16f4801f46,50,16,false,0,false,8966.0,0.0.3
1371485736028,88dd10b1556f00c031b5d111e74d1f72,1000,3,true,3,true,8966.0,0.0.3
1371485736028,1ea200c817c2e40356d383fa4c2c5e62,100,13,false,0,false,8966.0,0.0.3
1371485736028,da559d35cfb2d7fca3f3428b75ff6639,500,3,true,6,false,8966.0,0.0.3
1371487461966,54c3f6cbbcd1ded0439ccabc3a9b815d,10,40,false,0,false,9066.0,0.0.3
1371487461966,9b1de2b6a24c47745fb57d9b27e177ec,20,61,false,0,false,9066.0,0.0.3
1371487461966,44a7cb249356bfdc3bb72d16f4801f46,50,16,false,0,false,9066.0,0.0.3
1371487461966,1ea200c817c2e40356d383fa4c2c5e62,100,14,false,0,false,9066.0,0.0.3
1371487461966,da559d35cfb2d7fca3f3428b75ff6639,500,3,true,6,false,9066.0,0.0.3
1371487461966,88dd10b1556f00c031b5d111e74d1f72,1000,3,true,3,true,9066.0,0.0.3
1371495904531,9b1de2b6a24c47745fb57d9b27e177ec,20,62,false,0,false,9086.0,0.0.3
1371495904531,44a7cb249356bfdc3bb72d16f4801f46,50,16,false,0,false,9086.0,0.0.3
1371495904531,1ea200c817c2e40356d383fa4c2c5e62,100,14,false,0,false,9086.0,0.0.3
1371495904531,88dd10b1556f00c031b5d111e74d1f72,1000,3,true,3,true,9086.0,0.0.3
1371495904531,da559d35cfb2d7fca3f3428b75ff6639,500,3,true,6,false,9086.0,0.0.3
1371495904531,54c3f6cbbcd1ded0439ccabc3a9b815d,10,40,false,0,false,9086.0,0.0.3
1371512669514,54c3f6cbbcd1ded0439ccabc3a9b815d,10,41,false,0,false,9096.0,0.0.3
1371512669514,9b1de2b6a24c47745fb57d9b27e177ec,20,62,false,0,false,9096.0,0.0.3
1371512669514,44a7cb249356bfdc3bb72d16f4801f46,50,16,false,0,false,9096.0,0.0.3
1371512669514,1ea200c817c2e40356d383fa4c2c5e62,100,14,false,0,false,9096.0,0.0.3
1371512669514,da559d35cfb2d7fca3f3428b75ff6639,500,3,true,6,false,9096.0,0.0.3
1371512669514,88dd10b1556f00c031b5d111e74d1f72,1000,3,true,3,true,9096.0,0.0.3
1371519342333,54c3f6cbbcd1ded0439ccabc3a9b815d,10,41,false,0,false,9116.0,0.0.3
1371519342333,9b1de2b6a24c47745fb57d9b27e177ec,20,63,false,0,false,9116.0,0.0.3
1371519342333,44a7cb249356bfdc3bb72d16f4801f46,50,16,false,0,false,9116.0,0.0.3
1371519342333,1ea200c817c2e40356d383fa4c2c5e62,100,14,false,0,false,9116.0,0.0.3
1371519342333,da559d35cfb2d7fca3f3428b75ff6639,500,3,true,6,false,9116.0,0.0.3
1371519342333,88dd10b1556f00c031b5d111e74d1f72,1000,3,true,3,true,9116.0,0.0.3
1371523591718,54c3f6cbbcd1ded0439ccabc3a9b815d,10,41,false,0,false,9146.0,0.0.3
1371523591718,9b1de2b6a24c47745fb57d9b27e177ec,20,63,false,0,false,9146.0,0.0.3
1371523591718,44a7cb249356bfdc3bb72d16f4801f46,50,17,false,0,false,9146.0,0.0.3
1371523591718,1ea200c817c2e40356d383fa4c2c5e62,100,14,false,0,false,9146.0,0.0.3
1371523591718,da559d35cfb2d7fca3f3428b75ff6639,500,3,true,6,false,9146.0,0.0.3
1371523591718,88dd10b1556f00c031b5d111e74d1f72,1000,3,true,3,true,9146.0,0.0.3
1371585889008,1ea200c817c2e40356d383fa4c2c5e62,100,14,false,0,false,9176.0,0.0.3
1371585889008,54c3f6cbbcd1ded0439ccabc3a9b815d,10,41,false,0,false,9176.0,0.0.3
1371585889008,da559d35cfb2d7fca3f3428b75ff6639,500,3,true,6,false,9176.0,0.0.3
1371585889008,44a7cb249356bfdc3bb72d16f4801f46,50,17,false,0,false,9176.0,0.0.3
1371585889008,88dd10b1556f00c031b5d111e74d1f72,1000,3,true,3,true,9176.0,0.0.3
1371585889008,9b1de2b6a24c47745fb57d9b27e177ec,20,63,false,0,false,9176.0,0.0.3
1371589527166,54c3f6cbbcd1ded0439ccabc3a9b815d,10,42,false,0,false,9186.0,0.0.3
1371589527166,9b1de2b6a24c47745fb57d9b27e177ec,20,63,false,0,false,9186.0,0.0.3
1371589527166,44a7cb249356bfdc3bb72d16f4801f46,50,17,false,0,false,9186.0,0.0.3
1371589527166,1ea200c817c2e40356d383fa4c2c5e62,100,14,false,0,false,9186.0,0.0.3
1371589527166,da559d35cfb2d7fca3f3428b75ff6639,500,3,true,6,false,9186.0,0.0.3
1371589527166,88dd10b1556f00c031b5d111e74d1f72,1000,3,true,3,true,9186.0,0.0.3
1371590767456,54c3f6cbbcd1ded0439ccabc3a9b815d,10,43,false,0,false,9196.0,0.0.3
1371590767456,44a7cb249356bfdc3bb72d16f4801f46,50,17,false,0,false,9196.0,0.0.3
1371590767456,1ea200c817c2e40356d383fa4c2c5e62,100,14,false,0,false,9196.0,0.0.3
1371590767456,9b1de2b6a24c47745fb57d9b27e177ec,20,63,false,0,false,9196.0,0.0.3
1371590767456,da559d35cfb2d7fca3f3428b75ff6639,500,3,true,6,false,9196.0,0.0.3
1371590767456,88dd10b1556f00c031b5d111e74d1f72,1000,3,true,3,true,9196.0,0.0.3
1371593759235,54c3f6cbbcd1ded0439ccabc3a9b815d,10,43,false,0,false,9216.0,0.0.3
1371593759235,9b1de2b6a24c47745fb57d9b27e177ec,20,64,false,0,false,9216.0,0.0.3
1371593759235,44a7cb249356bfdc3bb72d16f4801f46,50,17,false,0,false,9216.0,0.0.3
1371593759235,1ea200c817c2e40356d383fa4c2c5e62,100,14,false,0,false,9216.0,0.0.3
1371593759235,88dd10b1556f00c031b5d111e74d1f72,1000,3,true,3,true,9216.0,0.0.3
1371593759235,da559d35cfb2d7fca3f3428b75ff6639,500,3,true,6,false,9216.0,0.0.3
1371600370853,54c3f6cbbcd1ded0439ccabc3a9b815d,10,43,false,0,false,9246.0,0.0.3
1371600370853,9b1de2b6a24c47745fb57d9b27e177ec,20,65,false,0,false,9246.0,0.0.3
1371600370853,44a7cb249356bfdc3bb72d16f4801f46,50,17,false,0,false,9246.0,0.0.3
1371600370853,1ea200c817c2e40356d383fa4c2c5e62,100,14,false,0,false,9246.0,0.0.3
1371600370853,da559d35cfb2d7fca3f3428b75ff6639,500,3,true,6,false,9246.0,0.0.3
1371600370853,88dd10b1556f00c031b5d111e74d1f72,1000,3,true,3,true,9246.0,0.0.3
1371603379266,1ea200c817c2e40356d383fa4c2c5e62,100,14,false,0,false,9266.0,0.0.3
1371603379266,54c3f6cbbcd1ded0439ccabc3a9b815d,10,43,false,0,false,9266.0,0.0.3
1371603379266,44a7cb249356bfdc3bb72d16f4801f46,50,17,false,0,false,9266.0,0.0.3
1371603379266,88dd10b1556f00c031b5d111e74d1f72,1000,3,true,3,true,9266.0,0.0.3
1371603379266,da559d35cfb2d7fca3f3428b75ff6639,500,3,true,6,false,9266.0,0.0.3
1371603379266,9b1de2b6a24c47745fb57d9b27e177ec,20,66,false,0,false,9266.0,0.0.3
1371612953842,54c3f6cbbcd1ded0439ccabc3a9b815d,10,43,false,0,false,9291.0,0.0.3
1371612953842,9b1de2b6a24c47745fb57d9b27e177ec,20,67,false,0,false,9291.0,0.0.3
1371612953842,44a7cb249356bfdc3bb72d16f4801f46,50,17,false,0,false,9291.0,0.0.3
1371612953842,1ea200c817c2e40356d383fa4c2c5e62,100,14,false,0,false,9291.0,0.0.3
1371612953842,da559d35cfb2d7fca3f3428b75ff6639,500,3,true,6,false,9291.0,0.0.3
1371612953842,88dd10b1556f00c031b5d111e74d1f72,1000,3,true,3,true,9291.0,0.0.3
1371616527626,9b1de2b6a24c47745fb57d9b27e177ec,20,68,false,0,false,9311.0,0.0.3
1371616527626,1ea200c817c2e40356d383fa4c2c5e62,100,14,false,0,false,9311.0,0.0.3
1371616527626,44a7cb249356bfdc3bb72d16f4801f46,50,17,false,0,false,9311.0,0.0.3
1371616527626,da559d35cfb2d7fca3f3428b75ff6639,500,3,true,6,false,9311.0,0.0.3
1371616527626,88dd10b1556f00c031b5d111e74d1f72,1000,3,true,3,true,9311.0,0.0.3
1371616527626,54c3f6cbbcd1ded0439ccabc3a9b815d,10,43,false,0,false,9311.0,0.0.3
1371619548436,9b1de2b6a24c47745fb57d9b27e177ec,20,69,false,0,false,9331.0,0.0.3
1371619548436,44a7cb249356bfdc3bb72d16f4801f46,50,17,false,0,false,9331.0,0.0.3
1371619548436,54c3f6cbbcd1ded0439ccabc3a9b815d,10,43,false,0,false,9331.0,0.0.3
1371619548436,1ea200c817c2e40356d383fa4c2c5e62,100,14,false,0,false,9331.0,0.0.3
1371619548436,da559d35cfb2d7fca3f3428b75ff6639,500,3,true,6,false,9331.0,0.0.3
1371619548436,88dd10b1556f00c031b5d111e74d1f72,1000,3,true,3,true,9331.0,0.0.3
1371669367592,54c3f6cbbcd1ded0439ccabc3a9b815d,10,43,false,0,false,9351.0,0.0.3
1371669367592,9b1de2b6a24c47745fb57d9b27e177ec,20,70,false,0,false,9351.0,0.0.3
1371669367592,1ea200c817c2e40356d383fa4c2c5e62,100,14,false,0,false,9351.0,0.0.3
1371669367592,da559d35cfb2d7fca3f3428b75ff6639,500,3,true,6,false,9351.0,0.0.3
1371669367592,44a7cb249356bfdc3bb72d16f4801f46,50,17,false,0,false,9351.0,0.0.3
1371669367592,88dd10b1556f00c031b5d111e74d1f72,1000,3,true,3,true,9351.0,0.0.3
1371680124136,54c3f6cbbcd1ded0439ccabc3a9b815d,10,43,false,0,false,9401.0,0.0.3
1371680124136,9b1de2b6a24c47745fb57d9b27e177ec,20,70,false,0,false,9401.0,0.0.3
1371680124136,44a7cb249356bfdc3bb72d16f4801f46,50,18,false,0,false,9401.0,0.0.3
1371680124136,1ea200c817c2e40356d383fa4c2c5e62,100,14,false,0,false,9401.0,0.0.3
1371680124136,da559d35cfb2d7fca3f3428b75ff6639,500,3,true,6,false,9401.0,0.0.3
1371680124136,88dd10b1556f00c031b5d111e74d1f72,1000,3,true,3,true,9401.0,0.0.3
